5.317355892112554102e+03,5.340468918362435033e+03,5.365502021572592639e+03,5.395303999330618353e+03,5.423372425807085165e+03,5.450195106464746459e+03,5.472054365583971048e+03,5.488997273043594760e+03,5.499235273013220649e+03,5.497243669590565332e+03,5.504040265172683576e+03,5.516671573791330957e+03,5.535706057433490059e+03,5.573781844640198869e+03,5.602863866955769481e+03,5.627103751107410062e+03,5.643413598378613642e+03,5.658564750759915114e+03,5.669637128983682487e+03,5.685498564819406056e+03,5.687119576969770606e+03,5.682771070270254313e+03
5.294428536326227004e+03,5.312245524247975482e+03,5.339812506722318176e+03,5.364350129088689755e+03,5.391797334013826003e+03,5.420477664252979594e+03,5.445708354148092440e+03,5.466235180659098660e+03,5.482090656592219602e+03,5.488393844749627533e+03,5.494453971526011628e+03,5.509653607948991521e+03,5.524908287403459326e+03,5.553336111153412276e+03,5.579675012814185720e+03,5.603641358243048671e+03,5.624679715484086046e+03,5.647387929486975736e+03,5.669275195860818712e+03,5.682771309407548870e+03,5.687220487555209729e+03,5.684903325483874141e+03
5.276605328878677028e+03,5.283547547020523780e+03,5.304445778408015940e+03,5.328437575812473369e+03,5.355324792972540308e+03,5.385278275514915549e+03,5.412810503981805596e+03,5.435192922363613434e+03,5.451866206433587649e+03,5.463441758981562089e+03,5.470164495518939475e+03,5.480177246691819164e+03,5.495531088210642338e+03,5.519095364119839360e+03,5.541152097097186015e+03,5.563590146663374071e+03,5.590034814026203094e+03,5.618697773585232426e+03,5.647581732699598433e+03,5.667808771323691872e+03,5.677963773413691342e+03,5.680133441868601949e+03
5.247719994854667675e+03,5.259677367253711054e+03,5.274401090900477357e+03,5.299198152722024133e+03,5.330905747272286135e+03,5.362158030607786714e+03,5.391407728298226175e+03,5.406088236138391949e+03,5.416265845519294999e+03,5.429464265142280965e+03,5.432772922413835659e+03,5.440092844051815518e+03,5.453781943129253705e+03,5.470963804083618015e+03,5.493592144289628777e+03,5.512455801738747141e+03,5.540007390801171823e+03,5.574849794032903446e+03,5.611663731605453904e+03,5.640116932300118606e+03,5.664581013662696023e+03,5.679050387833901368e+03
5.250137166489015726e+03,5.241351350153659951e+03,5.256189024260940641e+03,5.282360591180047777e+03,5.317221732298965435e+03,5.351091059572618178e+03,5.373049801647293862e+03,5.385096372659817462e+03,5.396949763526487914e+03,5.398287949938736347e+03,5.399178997335857275e+03,5.403159740358455565e+03,5.409674930497932110e+03,5.423089715371072089e+03,5.445265625505823664e+03,5.458894456603909930e+03,5.484537144212014937e+03,5.522160204764600167e+03,5.563635589509330202e+03,5.605582837488616860e+03,5.644913826364124361e+03,5.638355977828494360e+03
5.211702884939813885e+03,5.224820895725217270e+03,5.240595786435171249e+03,5.268817433658077789e+03,5.307837100857822406e+03,5.345216188373624391e+03,5.368773104611505005e+03,5.378944392124318256e+03,5.385594505099801609e+03,5.387797564965751008e+03,5.388200653798217900e+03,5.389513880537702789e+03,5.395318878562184182e+03,5.406709887139151760e+03,5.425882938434479911e+03,5.432606864629152369e+03,5.446322046945996590e+03,5.477794479326792498e+03,5.525018556067887403e+03,5.567066854056992270e+03,5.611307186592956896e+03,5.617891250092538939e+03
5.197010318488597477e+03,5.214970910724965506e+03,5.231811426213799677e+03,5.261500847644972055e+03,5.303706977247206851e+03,5.344589594253217001e+03,5.372634451308831558e+03,5.385610242563771862e+03,5.393489188201798243e+03,5.395744607761780571e+03,5.397572326977114244e+03,5.399084984340775918e+03,5.402400788603747969e+03,5.408532129551410435e+03,5.414826652667078633e+03,5.418382864957324273e+03,5.432954455070237600e+03,5.453699589230162019e+03,5.503901766888976454e+03,5.561017206516979968e+03,5.602090948216212382e+03,5.628298598082910758e+03
5.190687415128613793e+03,5.212194441372187612e+03,5.230384868670994365e+03,5.265189681688520068e+03,5.308816002940741782e+03,5.347370102338660217e+03,5.377733176414141781e+03,5.398390362415281743e+03,5.408205322757018621e+03,5.411702395269395311e+03,5.417008612134960458e+03,5.423339754445461949e+03,5.419799098677801339e+03,5.421535930571773861e+03,5.421082342309167871e+03,5.418743491620934947e+03,5.429017834243802099e+03,5.446868831511283133e+03,5.497769578240360715e+03,5.548655427859626798e+03,5.590488746749998427e+03,5.617965545707569618e+03
5.194142644255070991e+03,5.213627069618374662e+03,5.239148405045235450e+03,5.277929275600186884e+03,5.320387959214677721e+03,5.356894972089640760e+03,5.386920705866938079e+03,5.409667337107028288e+03,5.424800231465759680e+03,5.432242900990495400e+03,5.436135789610948450e+03,5.438833967561731697e+03,5.439344548992473392e+03,5.431491397647260783e+03,5.426860501584451413e+03,5.430092035295157984e+03,5.419865876097446744e+03,5.437253537848822816e+03,5.480434864009223929e+03,5.533249940901885566e+03,5.573599499418182859e+03,5.601204941090981265e+03
5.203573267641644634e+03,5.222399015155998313e+03,5.252623904664526890e+03,5.293018380296544819e+03,5.333167686099523962e+03,5.368223015749168553e+03,5.396816844442433649e+03,5.424646309076399120e+03,5.445151106829242963e+03,5.454575335330648159e+03,5.454854804302468438e+03,5.455118449264637093e+03,5.447683724417111080e+03,5.434658172615196236e+03,5.424865340058830043e+03,5.417030358063908352e+03,5.414684673858062524e+03,5.424007594832912218e+03,5.469541622073452345e+03,5.511609174372954840e+03,5.546755436429037218e+03,5.572935106319933766e+03
5.214337926688716834e+03,5.231264799442415097e+03,5.260954846320118122e+03,5.301618314784080212e+03,5.341719811567231773e+03,5.377160494757134074e+03,5.411874648724661711e+03,5.449157573574998423e+03,5.476160450295850751e+03,5.480206256795831905e+03,5.476518404037615255e+03,5.472492923360970053e+03,5.455145928288220603e+03,5.440256742204200236e+03,5.433762633746455322e+03,5.432274016780615057e+03,5.411550958147000529e+03,5.413327663359412327e+03,5.446064993602764844e+03,5.492012869169201622e+03,5.530098879946646775e+03,5.542189230075178784e+03
5.210521094774506309e+03,5.236946447607984737e+03,5.268777262291501756e+03,5.311007448222823768e+03,5.355924467185073809e+03,5.396686179773289041e+03,5.438082065116022932e+03,5.473196747216927179e+03,5.494505181543708204e+03,5.507939406285315272e+03,5.502009399349234627e+03,5.493285333346606421e+03,5.481584234647607445e+03,5.468517141658809123e+03,5.456909246054314281e+03,5.457229804187680202e+03,5.405057260174432486e+03,5.409351618623470131e+03,5.443851733478961251e+03,5.488827810468861571e+03,5.535172948952578736e+03,5.578099816979888601e+03
5.188583348526557529e+03,5.225675580701871695e+03,5.280775147568026114e+03,5.330491512134206459e+03,5.384355823335702553e+03,5.428006697320112835e+03,5.465145400822023475e+03,5.495777738343461351e+03,5.515355315011198400e+03,5.533634698663796371e+03,5.530098416424391871e+03,5.524939316818407860e+03,5.516236016741758249e+03,5.509916002861978086e+03,5.503311655059980694e+03,5.469208871827438088e+03,5.448551499387931472e+03,5.438454391482066967e+03,5.462708934344057525e+03,5.514342982604968711e+03,5.568691974815762478e+03,5.618783832115951554e+03
5.162914148374752585e+03,5.209170235490119012e+03,5.275272426538662330e+03,5.366559830499021700e+03,5.420475730857166127e+03,5.456792034500178488e+03,5.482429657536050399e+03,5.510551446192840558e+03,5.534658141269682346e+03,5.554082685732828395e+03,5.559834438299748399e+03,5.558024498881834916e+03,5.552283944567368053e+03,5.559531891796847958e+03,5.561608533778158744e+03,5.531313062136594453e+03,5.494840970665428358e+03,5.483964680261646208e+03,5.504841141046802477e+03,5.554453285656993103e+03,5.613149729950499932e+03,5.649245425958142732e+03
5.126411273268902733e+03,5.198326445737885479e+03,5.288440007762649657e+03,5.399622539524048079e+03,5.445598017208398232e+03,5.474584305488878272e+03,5.496638602588311187e+03,5.527166447651084127e+03,5.552418043796266829e+03,5.579788769269599470e+03,5.592439952680534589e+03,5.596350503093864972e+03,5.599048620613792082e+03,5.610430892621888233e+03,5.613768427831575536e+03,5.589773918487107949e+03,5.555469343794914494e+03,5.550370519699849865e+03,5.573495451512500040e+03,5.621146209444573287e+03,5.670215580771636269e+03,5.709760946836440780e+03
5.134013166060858566e+03,5.198158644413990260e+03,5.289658024325512997e+03,5.392187202737197367e+03,5.456663851849587445e+03,5.481793033949442361e+03,5.504376400474036927e+03,5.535809950941706120e+03,5.565874736500502877e+03,5.600765818730967112e+03,5.619878612873125348e+03,5.631987654587704128e+03,5.643993132387955484e+03,5.657241480746190064e+03,5.653742674725758661e+03,5.632354649502938628e+03,5.620570992547386595e+03,5.632384401526623151e+03,5.642452820328710004e+03,5.683389405587641704e+03,5.742088137106404247e+03,5.769733314194781997e+03
5.164714495403353794e+03,5.244714080988145724e+03,5.320280399520243009e+03,5.397917565077324980e+03,5.461494289093201587e+03,5.492046323067300364e+03,5.524135143375378902e+03,5.553492937767929106e+03,5.581102259025989952e+03,5.615554476902801980e+03,5.646144422558121732e+03,5.656767445578853767e+03,5.684242957759588535e+03,5.681073792611246972e+03,5.701255180391991416e+03,5.683247961384066002e+03,5.688991622823608850e+03,5.697549577179362132e+03,5.712052112114502052e+03,5.755541720484224243e+03,5.797992904691154763e+03,5.822832156815942653e+03
5.211422135447443907e+03,5.292340655494097518e+03,5.357898854084688537e+03,5.432445979831183649e+03,5.471473415372360250e+03,5.511744216637678619e+03,5.550684396558142907e+03,5.571446230649352401e+03,5.597154037505877568e+03,5.625872984544361316e+03,5.655703671892071725e+03,5.682892874997288345e+03,5.695283444144692112e+03,5.708946139871354717e+03,5.724489687788130141e+03,5.744272509406414429e+03,5.758177499247673040e+03,5.756341521235745859e+03,5.764738800952378369e+03,5.774718187467068674e+03,5.830141201516807087e+03,5.853619147482691915e+03
5.264076386002352592e+03,5.341537602710750434e+03,5.398009086091707104e+03,5.446526839467222999e+03,5.492188596113959647e+03,5.535410150108606103e+03,5.571851829734187049e+03,5.596994175075681596e+03,5.622892027945554219e+03,5.650423373279152656e+03,5.668526646626650290e+03,5.700078973444692565e+03,5.714866096519866005e+03,5.732318881309504832e+03,5.751235433741879206e+03,5.771917600159516951e+03,5.785185117473388345e+03,5.798843805445500038e+03,5.806467532776278858e+03,5.824284329717262153e+03,5.844393921447114735e+03,5.863101894312842887e+03
5.296416193727991413e+03,5.366630302070346261e+03,5.410596061830571671e+03,5.473585441821059248e+03,5.523173530171816310e+03,5.563000337290211974e+03,5.591669289796265730e+03,5.621604301026793109e+03,5.647462696617139045e+03,5.672018983218095855e+03,5.698951809137604869e+03,5.719124090389468620e+03,5.736392911276730956e+03,5.756204293528370727e+03,5.776075956250007948e+03,5.797671930837687796e+03,5.816245024874252522e+03,5.822449732945564392e+03,5.828513951858669316e+03,5.833536075682814044e+03,5.849449600691756132e+03,5.863792746769506266e+03
5.304696914793171345e+03,5.375802200883353180e+03,5.427786766249309949e+03,5.505812386406900259e+03,5.548347605295587528e+03,5.581901717279348304e+03,5.613478831457222441e+03,5.641749472544777745e+03,5.669791741485729290e+03,5.696668897797643695e+03,5.717181128659191927e+03,5.737639065271461732e+03,5.759174225624252358e+03,5.778281525752202469e+03,5.792906017551270452e+03,5.817369518201264327e+03,5.833251194871988446e+03,5.843517568205669704e+03,5.847137544275008622e+03,5.847418540094377022e+03,5.847001556679132591e+03,5.867551087857569655e+03
5.318447226062491609e+03,5.388761342034904374e+03,5.459810339003171975e+03,5.518006884607274515e+03,5.567959999781471197e+03,5.609985649493040000e+03,5.639656565786491228e+03,5.668439797300509781e+03,5.687095578889197895e+03,5.711931195644470790e+03,5.731901263226096489e+03,5.753541874268433276e+03,5.775789017862546643e+03,5.795388207029707701e+03,5.810116429124644128e+03,5.831193654192192298e+03,5.843668008158592784e+03,5.855542434134842551e+03,5.856361669004853866e+03,5.853407409751394880e+03,5.851767251586704333e+03,5.867990464090272326e+03
5.325109575639141440e+03,5.405515550080320281e+03,5.474766436888061435e+03,5.542682592968862991e+03,5.586198234777412836e+03,5.630466557039058898e+03,5.661088046986629706e+03,5.687906030166685923e+03,5.702604100179302804e+03,5.725007916083784039e+03,5.741352732565386759e+03,5.764837066071599111e+03,5.786195016006214246e+03,5.808214815235039168e+03,5.822611661473518325e+03,5.838300214713361129e+03,5.854377585844619716e+03,5.864485371020599814e+03,5.864485962785362972e+03,5.862482995092323108e+03,5.858009343798507871e+03,5.856264378632966327e+03
5.346799376111024685e+03,5.436917330942639637e+03,5.503201088685342256e+03,5.562213173463506791e+03,5.606023352817776868e+03,5.644547476474566793e+03,5.674718022537730576e+03,5.700417971451228368e+03,5.716852429086258780e+03,5.736201988251945295e+03,5.754223679837895361e+03,5.771087147872671267e+03,5.793141415525508819e+03,5.814895313945350608e+03,5.828475875485710276e+03,5.844301413682433122e+03,5.858226131461741716e+03,5.869974621557289538e+03,5.879399929645463999e+03,5.875570772117779597e+03,5.875370567230324014e+03,5.874984396638180442e+03
5.375151197537256849e+03,5.463449957450642614e+03,5.523218413455570953e+03,5.569361271703114653e+03,5.608653860835293926e+03,5.638962745872030609e+03,5.668664569308756654e+03,5.695662453439379533e+03,5.722088329188986791e+03,5.745518811625214767e+03,5.762457147986089694e+03,5.781726095688526584e+03,5.800602761800964799e+03,5.817739668101876305e+03,5.830589621175880893e+03,5.846463799653351089e+03,5.859168791052316919e+03,5.871623005909628773e+03,5.881327230010519997e+03,5.876688253266354877e+03,5.878425860347699199e+03,5.869668133313128237e+03
5.404927981890781666e+03,5.474490820178394642e+03,5.536213707055360828e+03,5.575231943744144701e+03,5.607289940884222233e+03,5.634849065966115631e+03,5.664554427513331575e+03,5.690494845720453668e+03,5.721658979042819738e+03,5.750912819962097274e+03,5.771774039182168963e+03,5.790146683393372768e+03,5.807488375723858553e+03,5.822092731514288971e+03,5.830151120178756173e+03,5.841821398200457224e+03,5.857891159519821485e+03,5.871435595731636568e+03,5.872556068763361509e+03,5.873926285460489453e+03,5.874012085905308595e+03,5.873828678408563064e+03
5.435463371877906866e+03,5.493022996521982350e+03,5.537452695954361843e+03,5.573097061637240586e+03,5.603388390325078944e+03,5.629481941664240367e+03,5.655522026794813428e+03,5.685537149380309529e+03,5.719742066276115111e+03,5.749474329834572927e+03,5.777816019671277900e+03,5.794184734224893873e+03,5.810435152574724270e+03,5.825372143001471159e+03,5.839086123605945431e+03,5.852882409940360048e+03,5.867768996125685590e+03,5.879054096672040941e+03,5.880192978189767928e+03,5.879365056166813702e+03,5.877566236618004950e+03,5.875980413938952552e+03
5.465461897931816566e+03,5.509135544263550401e+03,5.530754292604715374e+03,5.565431694758770391e+03,5.600417656111428187e+03,5.631536276517202168e+03,5.648117763535514314e+03,5.678831734508852605e+03,5.719608323706496776e+03,5.747078704263543841e+03,5.777664305524075644e+03,5.795583000277223618e+03,5.810546107996734463e+03,5.829322908749963972e+03,5.853185936822127587e+03,5.865727721483602181e+03,5.877453057524649012e+03,5.887478144429863278e+03,5.886350266690901663e+03,5.883128245683124078e+03,5.879510765723102850e+03,5.876687238450474069e+03
